.i 8
.o 16
00000010 0010101111101001
00000011 1011111111001000
00000100 1011111111001100
00000110 0001101111011100
00000111 0001101111010100
00000-01 0001101111011100
00001000 0001111111001100
00001001 0001111111101000
00001110 0011101111000100
00100000 1010111111000010
00100001 0011011111001100
00100010 0011011111001010
00100011 0010111111001100
00100100 0011101111001010
00100101 0011001111011100
00100110 0011011111101000
00100111 0011010111010100
00101000 0011011111010100
00101001 0011010111010000
00101010 0011011101011100
00101011 0010111111010010
00101100 0010111101011010
00101101 0011110111010100
00101110 1011011111001100
00101111 0011111111001100
001110-- 0001011110101000
0100---- 0001111111001010
0101---- 0010111110101000
0110---- 0110111111000010
0111---- 0001110111010000
